1589834573138,400001,495
1589834873138,400002,495
1589835173138,400003,495
1589835473138,400004,495
1589835773138,400005,495
1589836073138,400006,495
1589836373138,400007,495
1589836673138,400008,495
1589836973138,400009,495
1589837273138,400010,495
1589837573138,400011,495
1589837873138,400012,495
1589838173138,400013,495
1589838473138,400014,495
1589838773138,400015,495
1589839073138,400016,495
1589839373138,400017,495
1589839673138,400018,495
1589839973138,400019,495
1589840273138,400020,495
1589840573138,400021,495
1589840873138,400022,495
1589841173138,400023,495
1589841473138,400024,495
1589841773138,400025,495
1589842073138,400026,495
1589842373138,400027,495
1589842673138,400028,495
1589842973138,400029,495
1589843273138,400030,495
1589843573138,400031,495
1589843873138,400032,495
1589844173138,400033,495
1589844473138,400034,495
1589844773138,400035,495
1589845073138,400036,495
1589845373138,400037,495
1589845673138,400038,495
1589845973138,400039,495
1589846273138,400040,495
1589846573138,400041,495
1589846873138,400042,495
1589847173138,400043,495
1589847473138,400044,495
1589847773138,400045,495
1589848073138,400046,495
1589848373138,400047,495
1589848673138,400048,495
1589848973138,400049,495
1589849273138,400050,495
1589849573138,400051,495
1589849873138,400052,495
1589850173138,400053,495
1589850473138,400054,495
1589850773138,400055,495
1589851073138,400056,495
1589851373138,400057,495
1589851673138,400058,495
1589851973138,400059,495
1589852273138,400060,495
1589852573138,400061,495
1589852873138,400062,495
1589853173138,400063,495
1589853473138,400064,495
1589853773138,400065,495
1589854073138,400066,495
1589854373138,400067,495
1589854673138,400068,495
1589854973138,400069,495
1589855273138,400070,495
1589855573138,400071,495
1589855873138,400072,495
1589856173138,400073,495
1589856473138,400074,495
1589856773138,400075,495
1589857073138,400076,495
1589857373138,400077,495
1589857673138,400078,495
1589857973138,400079,495
1589858273138,400080,495
1589858573138,400081,495
1589858873138,400082,495
1589859173138,400083,495
1589859473138,400084,495
1589859773138,400085,495
1589860073138,400086,495
1589860373138,400087,495
1589860673138,400088,495
1589860973138,400089,495
1589861273138,400090,495
1589861573138,400091,495
1589861873138,400092,495
1589862173138,400093,495
1589862473138,400094,495
1589862773138,400095,495
1589863073138,400096,495
1589863373138,400097,495
1589863673138,400098,495
1589863973138,400099,495
1589864273138,400100,495
